57805
26920
2579
63605
19763
38464
23455
27486
4213
32264
16795
64197
35373
40242
4023
11128
40254
8491
62832
34795
930
45144
56611
64179
30173
11205
50916
61189
39364
54396
36715
51020
52535
2957
38216
33154
9608
11098
62224
4170
61325
24263
31427
58849
49260
34907
26945
60546
45267
11169
65273
5440
46403
20303
6312
19723
35637
43598
18163
62853
21922
22963
12682
34548
35081
21905
45347
14361
2251
57180
38543
2678
33427
63911
39816
25469
59946
26515
16114
4079
3443
50632
2367
46137
14019
38900
53752
60758
47259
63664
31749
53227
39465
20135
20173
47361
54559
40154
40313
7024
9433
54724
3921
55523
6461
60778
17192
58221
22289
9708
5975
8101
57467
26865
61358
27842
13438
7795
28000
9021
43185
19330
12908
28824
50785
20904
11498
35546
45394
9664
11950
32283
51956
33809
7626
11352
20324
35561
8763
14879
37438
17830
57129
62356
40416
23543
64166
31527
12708
7266
8226
47168
44917
2665
59355
52897
18644
36794
62235
22814
19443
18751
25028
2636
35805
1237
1108
44486
37055
1858
17922
11027
10140
50050
24382
8787
33065
14770
35339
59601
57039
44116
31131
6807
45186
62155
32048
5333
28518
8302
28298
36039
46399
31718
48481
3863
26863
23496
44762
40362
409
44817
53421
23654
7743
2832
61293
27335
4973
39016
52427
44557
50591
13931
51568
39195
43589
31619
38209
31166
11309
45740
21431
45387
55264
46541
65502
38578
39479
10969
63363
52331
19599
39578
40613
13135
42938
31752
59004
38593
13893
21054
1385
56524
51541
36328
58037
14367
26168
63885
8352
16546
20306
2699
31976
17344
13922
48006
39499
50616
27023
22593
34906
27587
54599
25345
22748
6563
33916
149
18185
22178
13262
61101
56198
21605
64620
16320
48151
40791
52765
1472
38508
25477
46563
53282
42382
47868
60848
51213
30845
876
41657
9621
55802
14618
53292
22647
29709
44117
40237
13484
10612
38398
21408
44274
14957
32340
19250
37420
27912
41147
26166
41847
23060
26155
60850
12119
8880
18615
31885
6075
38423
27383
6264
14295
53048
33005
48936
47475
40208
21244
20735
40539
25287
51515
29894
44927
15517
37892
31589
46396
2026
55396
27778
43084
52774
53787
52782
51381
6232
54190
53259
54329
57493
1456
48810
4232
28107
31534
54108
27356
4636
49232
63762
30492
59555
46132
11451
51312
42063
60807
201
42087
53557
58740
7412
58564
37912
56225
34364
29498
44025
43717
5388
57713
58962
20058
55648
30651
13304
32932
46044
45377
26903
56240
8393
34343
29225
10719
60259
26363
24838
55647
9925
14623
21412
48116
39600
36355
30993
45006
40721
20267
46042
28968
52917
2945
53912
32102
49405
22311
35642
39251
10601
27399
17115
37793
62242
35780
54754
17640
41988
9697
41491
32063
3837
61029
53598
36791
65089
26748
36787
60284
29710
43497
25476
50030
45547
5546
13990
7735
47947
34359
55279
58327
12073
19359
27526
6482
23828
48542
42157
39256
31553
31458
63013
16329
1258
54613
37408
55357
2262
13224
63207
47952
40855
12989
29988
5563
50638
10824
8122
28002
27034
1824
42494
21962
59490
38836
59325
1309
25834
54290
33190
57142
64021
1838
63438
15190
42612
15037
36456
60818
64638
54963
52642
9403
56560
174
20478
19170
18737
11197
64030
65522
19411
13550
29317
21798
64312
57950
28410
58379
13974
10374
46863
38441
17866
2263
1807
14772
24977
32175
63391
48693
6491
52783
54199
63483
57109
59730
43983
33925
56598
26216
49453
13223
55450
25242
37505
43684
53342
19288
53976
44627
25875
25781
34877
8729
56567
27974
36834
47334
50901
38671
7487
7669
16356
23240
14233
60194
40084
43168
12607
44089
29733
9108
64610
59452
43616
27418
46711
19747
14297
48684
54103
42716
57531
17157
49281
57553
22901
1190
24006
30958
12569
53800
12035
11735
14361
61685
4394
24080
36968
22978
38722
13738
34601
40300
2401
422
16773
45684
35617
34309
62133
45672
57389
9156
8865
57306
65298
47266
46943
22109
31812
4741
16904
13887
23565
23795
7617
27049
2435
18300
28628
49384
48523
39352
3721
54252
13053
13142
56172
6094
63252
61077
41409
60625
18185
49116
3307
7138
16374
40966
41222
38523
9342
5861
46019
8483
53010
33372
29089
29701
44990
51955
54584
58903
17390
2716
49345
49876
5447
38013
56983
22660
30062
50788
39240
49555
20194
29995
46
36720
8684
40511
16367
15403
14262
14471
65397
37566
1923
36864
20408
51214
64194
63450
24563
33022
7888
57611
5597
30873
52885
32077
23490
25653
3455
8882
6602
22388
49216
8310
42437
36548
26968
50427
4813
47399
50904
64741
22768
43435
4022
24197
19064
39511
30730
12657
51509
46535
43150
16981
36851
36438
32142
11578
9212
8665
26478
30409
28090
27653
23173
60856
61231
48997
16427
41719
18552
53802
9992
30527
32582
53443
4116
4659
27392
53435
42865
49107
28127
41706
45032
32650
51357
32961
35890
47679
62399
9682
32237
62820
27700
6358
46648
11693
51812
48752
45774
44957
8170
6241
4902
35929
57956
7603
48956
39120
54872
30732
1019
2556
52568
16381
875
44442
50036
27162
18406
51482
13072
55548
27864
19214
57527
6566
5196
5200
2866
22505
59915
12203
52535
989
23131
16191
40360
24717
12085
49285
38823
64194
14752
63686
32109
3463
63961
63096
1413
40224
18043
36502
51858
37057
56551
12678
22498
5014
39537
57436
2456
53007
41465
4817
25480
12036
39846
34568
51074
25688
30611
26560
3953
39092
2070
749
4901
5585
30615
9018
61908
41214
6204
39366
36259
6187
35926
23584
53549
23898
31828
60368
29982
47019
24036
19031
17429
13062
36448
11670
38407
57508
48289
17939
34767
40897
21145
25109
32926
48828
61714
57152
60108
3652
50933
59211
47480
10741
29835
15656
54688
51309
37362
9584
56622
57447
55608
6330
37408
42317
22474
14169
55440
39964
5006
52762
28073
58762
56503
61636
26600
60558
59952
13391
47298
52435
41470
48533
2356
23455
3269
9280
29584
60226
56031
29514
28275
52762
13674
55890
11243
46574
28054
21522
18002
16407
50068
43098
44785
544
13337
12650
58074
62917
29360
49082
46439
13011
55110
53798
57091
63867
10694
13768
40795
27764
28301
32305
25900
18464
25826
50929
43192
61215
34160
55442
8694
23852
25636
18213
48603
52151
18256
65124
16373
59372
8095
8317
15433
33952
22873
14288
564
21447
64121
47934
